100936at28211	0	23	234
191333at28211	0	19	191
291955at28211	0	6	62
6033at28211	0	65	647
198684at28211	0	20	197
101624at28211	0	20	201
293217at28211	0	28	92
295333at28211	0	5	49
20629at28211	0	48	481
11800at28211	0	55	547
215548at28211	0	17	165
273731at28211	0	8	81
96173at28211	0	32	320
1379at28211	0	92	923
122309at28211	0	39	342
184580at28211	0	21	213
205672at28211	0	11	107
275624at28211	0	43	143
250138at28211	0	14	137
195328at28211	0	12	119
255421at28211	0	9	86
304614at28211	0	9	88
185568at28211	0	9	90
170163at28211	0	27	267
284937at28211	0	7	71
196908at28211	0	17	168
225695at28211	0	16	160
85872at28211	0	29	294
110838at28211	0	28	283
156168at28211	0	24	235
8063at28211	0	54	539
18688at28211	0	40	396
274433at28211	0	10	101
137428at28211	0	21	213
89188at28211	0	39	393
278162at28211	0	8	79
147929at28211	0	26	262
49689at28211	0	47	324
164630at28211	0	18	184
50335at28211	0	34	344
22651at28211	0	49	487
236672at28211	0	22	221
254085at28211	0	11	109
263776at28211	0	7	73
173382at28211	0	21	211
296988at28211	0	5	45
79009at28211	0	32	320
96207at28211	0	31	306
159456at28211	0	18	177
207248at28211	0	14	137
45747at28211	0	35	346
274007at28211	0	10	103
101372at28211	0	25	252
292212at28211	0	7	65
155850at28211	0	22	216
131628at28211	0	16	164
234512at28211	0	14	141
250139at28211	0	11	105
54201at28211	0	39	392
279007at28211	0	12	124
62832at28211	0	36	359
242057at28211	0	11	110
248501at28211	0	18	177
43177at28211	0	47	469
213107at28211	0	30	173
100979at28211	0	22	215
135160at28211	0	20	203
187977at28211	0	23	230
7167at28211	0	81	809
153539at28211	0	23	233
54528at28211	0	30	301
98622at28211	0	19	185
57354at28211	0	42	415
60258at28211	0	27	272
16907at28211	0	46	455
234971at28211	0	14	142
174683at28211	0	27	267
164631at28211	0	11	101
173192at28211	0	15	149
71960at28211	0	31	313
237884at28211	0	14	143
213969at28211	0	14	140
211490at28211	0	9	91
286506at28211	0	7	67
55062at28211	0	34	340
278460at28211	0	6	62
196131at28211	0	19	186
150176at28211	0	17	167
92311at28211	0	23	230
203222at28211	0	21	209
123459at28211	0	22	215
250212at28211	0	11	109
216846at28211	0	14	99
74537at28211	0	36	364
16823at28211	0	67	673
145092at28211	0	21	210
261591at28211	0	12	122
182731at28211	0	23	146
3792at28211	0	90	899
158549at28211	0	14	94
4942at28211	0	60	599
9992at28211	0	58	576
194815at28211	0	13	134
14011at28211	0	46	460
129114at28211	0	18	182
236115at28211	0	22	219
95263at28211	0	19	193
128610at28211	0	24	243
75847at28211	0	17	172
58587at28211	0	83	477
103493at28211	0	29	291
18398at28211	0	66	658
155283at28211	0	19	186
47043at28211	0	42	418
243949at28211	0	11	108
3255at28211	0	65	648
226408at28211	0	14	135
72265at28211	0	38	376
53742at28211	0	39	386
132165at28211	0	20	200
230726at28211	0	12	119
154387at28211	0	27	266
225223at28211	0	27	269
226806at28211	0	10	102
200403at28211	0	19	192
276270at28211	0	8	77
149453at28211	0	16	162
250533at28211	0	11	113
190646at28211	0	31	310
214823at28211	0	14	142
16763at28211	0	47	442
31308at28211	0	43	434
278824at28211	0	8	58
252060at28211	0	10	102
12571at28211	0	43	432
205412at28211	0	28	282
22210at28211	0	32	323
129578at28211	0	15	153
46163at28211	0	39	387
232740at28211	0	10	93
54003at28211	0	28	278
244909at28211	0	21	194
265466at28211	0	7	70
216613at28211	0	12	123
207803at28211	0	13	128
188302at28211	0	16	162
110143at28211	0	27	274
25059at28211	0	41	413
274106at28211	0	10	103
217801at28211	0	24	244
104445at28211	0	30	297
299060at28211	0	5	45
105122at28211	0	36	355
566at28211	0	111	1108
228263at28211	0	14	143
11414at28211	0	53	530
56973at28211	0	43	431
81296at28211	0	32	318
216863at28211	0	14	144
40978at28211	0	53	456
209239at28211	0	14	142
282843at28211	0	9	87
225851at28211	0	14	139
241403at28211	0	10	104
30034at28211	0	54	536
182755at28211	0	19	189
64585at28211	0	52	516
36395at28211	0	47	471
265851at28211	0	12	118
303152at28211	0	5	46
168005at28211	0	17	173
215247at28211	0	12	100
40222at28211	0	34	337
29349at28211	0	36	361
274008at28211	0	7	74
233914at28211	0	19	186
12596at28211	0	50	498
20144at28211	0	44	437
19118at28211	0	51	508
89082at28211	0	29	291
254571at28211	0	15	154
272152at28211	0	12	115
275043at28211	0	8	80
134327at28211	0	14	141
256335at28211	0	11	105
52932at28211	0	33	331
291213at28211	0	5	50
35684at28211	0	34	342
73552at28211	0	49	492
78382at28211	0	25	246
276163at28211	0	8	79
68131at28211	0	37	373
284636at28211	0	8	79
178580at28211	0	19	191
46624at28211	0	33	330
88197at28211	0	34	337
96079at28211	0	26	257
53574at28211	0	39	388
206648at28211	0	16	155
51426at28211	0	36	357
246631at28211	0	10	103
166686at28211	0	15	152
209127at28211	0	18	181
14200at28211	0	64	643
22274at28211	0	53	533
168008at28211	0	17	171
279006at28211	0	8	77
100928at28211	0	43	389
149946at28211	0	35	346
30685at28211	0	34	341
86115at28211	0	50	453
148261at28211	0	29	286
240009at28211	0	10	102
76080at28211	0	27	274
194763at28211	0	27	270
58406at28211	0	29	285
6037at28211	0	67	674
88387at28211	0	26	263
265845at28211	0	11	114
205130at28211	0	14	142
200786at28211	0	16	164
192245at28211	0	13	133
139354at28211	0	19	188
219347at28211	0	13	134
49917at28211	0	44	438
69025at28211	0	33	326
17340at28211	0	64	642
171619at28211	0	25	253
265465at28211	0	11	106
174924at28211	0	21	209
241309at28211	0	22	215
143862at28211	0	26	263
70327at28211	0	37	369
80173at28211	0	36	360
127781at28211	0	22	223
245289at28211	0	16	163
110505at28211	0	32	319
209540at28211	0	14	93
239047at28211	0	10	100
196117at28211	0	18	179
61882at28211	0	26	257
215042at28211	0	12	123
160913at28211	0	20	202
214936at28211	0	15	151
229362at28211	0	15	149
282850at28211	0	13	120
230472at28211	0	13	133
30999at28211	0	37	370
191529at28211	0	37	370
45496at28211	0	59	592
23842at28211	0	47	470
276656at28211	0	12	115
41473at28211	0	39	388
39611at28211	0	31	305
72894at28211	0	29	285
136493at28211	0	28	275
303012at28211	0	6	63
210579at28211	0	14	136
28282at28211	0	66	660
46295at28211	0	33	333
264921at28211	0	9	93
139741at28211	0	32	323
107831at28211	0	16	162
169607at28211	0	19	187
203821at28211	0	22	222
6791at28211	0	69	688
263548at28211	0	10	97
6327at28211	0	63	625
292235at28211	0	4	39
39662at28211	0	34	340
176357at28211	0	27	270
281246at28211	0	8	83
97880at28211	0	22	223
88027at28211	0	25	252
155282at28211	0	16	159
117775at28211	0	23	227
225523at28211	0	18	180
269485at28211	0	13	130
61713at28211	0	32	319
7125at28211	0	70	702
131648at28211	0	17	171
214924at28211	0	14	143
52293at28211	0	29	290
197035at28211	0	20	195
294361at28211	0	8	78
290405at28211	0	8	62
44161at28211	0	32	319
271917at28211	0	13	126
84147at28211	0	35	353
159454at28211	0	25	250
813at28211	0	81	810
67050at28211	0	30	300
51368at28211	0	34	342
149153at28211	0	26	261
281648at28211	0	9	88
90336at28211	0	24	240
42185at28211	0	22	198
251101at28211	0	12	119
28376at28211	0	51	512
170771at28211	0	20	201
273474at28211	0	9	86
218769at28211	0	16	163
24268at28211	0	51	511
289656at28211	0	6	59
53874at28211	0	37	366
217496at28211	0	12	117
209532at28211	0	13	96
175364at28211	0	21	210
255406at28211	0	9	91
58484at28211	0	33	329
261223at28211	0	11	106
190674at28211	0	19	193
53968at28211	0	31	309
142380at28211	0	33	333
184024at28211	0	17	169
170718at28211	0	34	342
282153at28211	0	10	98
185501at28211	0	16	159
69911at28211	0	33	327
190672at28211	0	15	148
9027at28211	0	70	700
243631at28211	0	9	74
278455at28211	0	6	63
113286at28211	0	40	400
285509at28211	0	8	84
129444at28211	0	22	220
272307at28211	0	13	134
249480at28211	0	13	125
195189at28211	0	14	136
295167at28211	0	6	61
281885at28211	0	17	173
98844at28211	0	20	195
70271at28211	0	31	307
262418at28211	0	16	161
59151at28211	0	34	343
247052at28211	0	16	164
257816at28211	0	11	113
208486at28211	0	24	241
132169at28211	0	25	251
20198at28211	0	46	457
225284at28211	0	13	134
75537at28211	0	13	126
218349at28211	0	20	196
78076at28211	0	28	282
36100at28211	0	46	461
238044at28211	0	13	130
183229at28211	0	15	153
200183at28211	0	20	203
252486at28211	0	10	73
84640at28211	0	19	191
95037at28211	0	30	298
150644at28211	0	26	260
146323at28211	0	18	183
239097at28211	0	17	174
82287at28211	0	34	336
105655at28211	0	20	202
59348at28211	0	28	276
289568at28211	0	6	59
9290at28211	0	53	531
304722at28211	0	6	55
132533at28211	0	20	199
284254at28211	0	6	58
206649at28211	0	18	178
47135at28211	0	38	378
164564at28211	0	26	263
221202at28211	0	18	176
211492at28211	0	14	144
123001at28211	0	25	250
114023at28211	0	24	238
190678at28211	0	14	140
168294at28211	0	8	80
251506at28211	0	12	122
165556at28211	0	19	185
177184at28211	0	13	127
28027at28211	0	45	164
261590at28211	0	12	123
185582at28211	0	13	130
133420at28211	0	24	243
279185at28211	0	7	66
227409at28211	0	14	144
137437at28211	0	20	196
102046at28211	0	28	281
234363at28211	0	12	103
232at28211	0	105	1048
102347at28211	0	27	265
84416at28211	0	27	271
180415at28211	0	15	147
274041at28211	0	8	78
6051at28211	0	56	561
232736at28211	0	21	209
80965at28211	0	35	345
176289at28211	0	21	209
286255at28211	0	5	49
246541at28211	0	7	71
269478at28211	0	9	94
266919at28211	0	8	77
70606at28211	0	27	268
66572at28211	0	31	309
68019at28211	0	36	356
294062at28211	0	9	85
119462at28211	0	25	252
214551at28211	0	17	169
300313at28211	0	6	55
111753at28211	0	28	279
7062at28211	0	74	736
237507at28211	0	10	102
45564at28211	0	37	369
236478at28211	0	18	183
131887at28211	0	18	176
33491at28211	0	47	470
179135at28211	0	18	180
114924at28211	0	32	319
275236at28211	0	8	60
172083at28211	0	22	220
25082at28211	0	37	372
68070at28211	0	40	404
301772at28211	0	9	89
12625at28211	0	55	546
277018at28211	0	12	116
204752at28211	0	16	162
211202at28211	0	20	201
115438at28211	0	37	365
35865at28211	0	38	378
76913at28211	0	27	266
52531at28211	0	28	277
17184at28211	0	44	444
270025at28211	0	12	118
265847at28211	0	13	130
248885at28211	0	11	110
253820at28211	0	16	161
259698at28211	0	12	120
59888at28211	0	27	269
